98,4
98,3
98,2
98,1
98,0
97,4
97,3
97,2
97,1
97,0
96,52
96,51
96,50
96,49
96,48
96,47
96,46
96,45
96,44
96,43
96,42
96,41
96,40
96,39
96,38
96,37
96,36
96,35
29,5
27,1
27,3
28,4
29,1
29,3
24,1
24,3
28,1
28,3
25,4
25,1
25,3
10,210
10,180
10,150
10,72
10,154
10,204
10,302
10,2
10,3
11,24
11,6
11,16
11,9
11,14
11,25
11,3
9,4
9,6
8,11
8,17
8,4
8,16
8,2
8,3
12,2
12,1
12,3
95,4
95,3
95,2
95,1
95,0
92,3
92,2
92,1
92,0
87,4
87,3
87,2
87,1
87,0
81,3
81,2
81,1
81,0
78,3
78,2
78,1
78,0
52,3
52,2
52,1
52,0
51,3
51,2
51,1
51,0
42,4
42,3
42,2
42,1
42,0
38,4
38,3
38,2
38,1
38,0
35,4
35,3
35,2
35,1
35,0
